16:52 ~ $ gcc -c main_1.s -o main_1.o
16:52 ~ $ gcc main_1.o -o main_1
16:52 ~ $ ./main_1 -92 -89 -54 93 -36 79 60 28 -38 -22 -54 89 -69 -53 -60 76 -66 20 43 98 95 -60 -6 46 -60 -29 -26 -85 97 -49 43 -50 88 39 39 98 -6 -46 -59 11 -7 89 -83 -81 77 25 -53 -26 57 21 30 2 -78 22 82 14 -24 62 -11 15 -41 97 15 -2 
-2 15 97 -41 15 -11 62 -24 14 82 22 -78 2 30 21 57 -26 -53 25 77 -81 -83 89 -7 11 -59 -46 -6 98 39 39 88 -50 43 -49 97 -85 -26 -29 -60 46 -6 -60 95 98 43 20 -66 76 -60 -53 -69 89 -54 -22 -38 28 60 79 -36 -54 -89 -92 
16:52 ~ $ ./main_1 41 -32 -62 58 -65 3 63 -14 72 33 -67 14 71 -59 46 -20 -44 -54 -74 -3 76 79 -51 78 -76 42 59 22 67 67 -2 -59 37 -6 63 33 -15 -2 -46 90 12 87 66 -84 -37 41 -52 -89 -100 82 -40 55 -64 -45 -37 -32 92 91 -39 73 -11 95 -93 80 -85 -77 -80 3 58 -76 -78 -50 -3 -71 -18 77 77 -13 88 70 -76 
-76 70 88 -13 77 77 -18 -71 -3 -50 -78 -76 58 3 -80 -77 -85 80 -93 95 -11 73 -39 91 92 -32 -37 -45 -64 55 -40 82 -100 -89 -52 41 -37 -84 66 87 12 90 -46 -2 -15 33 63 -6 37 -59 -2 67 67 22 59 42 -76 78 -51 79 76 -3 -74 -54 -44 -20 46 -59 71 14 -67 33 72 -14 63 3 -65 58 -62 -32 
16:52 ~ $ ./main_1 6 96 39 -23 -96 -22 -75 3 57 -3 -89 -64 -75 30 -14 2 88 -37 68 -38 -11 -76 -45 -27 95 -48 -13 -98 10 82 64 36 63 20 13 -66 -16 -27 7 -26 52 84 3 24 -66 -4 58 97 8 92 -33 -87 4 17 -76 99 -61 36 -75 50 -94 -36 60 -31 29 51 -53 38 
38 -53 51 29 -31 60 -36 -94 50 -75 36 -61 99 -76 17 4 -87 -33 92 8 97 58 -4 -66 24 3 84 52 -26 7 -27 -16 -66 13 20 63 36 64 82 10 -98 -13 -48 95 -27 -45 -76 -11 -38 68 -37 88 2 -14 30 -75 -64 -89 -3 57 3 -75 -22 -96 -23 39 96 
16:52 ~ $ ./main_1 14 89 80 52 -36 -40 31 14 95 -24 -80 -21 88 55 40 -40 54 -36 34 -33 -59 94 -31 -57 -51 -60 -82 25 33 42 -39 -73 10 8 -63 
-63 8 10 -73 -39 42 33 25 -82 -60 -51 -57 -31 94 -59 -33 34 -36 54 -40 40 55 88 -21 -80 -24 95 14 31 -40 -36 52 80 89 
16:52 ~ $ ./main_1 -11 63 30 -97 -11 14 16 28 -58 -84 -57 70 -20 -51 93 25 -99 -63 87 54 -70 48 78 -61 -94 4 14 -6 -10 -45 -26 56 -67 -88 -22 90 -5 67 -39 46 -55 -79 99 95 58 41 33 
33 41 58 95 99 -79 -55 46 -39 67 -5 90 -22 -88 -67 56 -26 -45 -10 -6 14 4 -94 -61 78 48 -70 54 87 -63 -99 25 93 -51 -20 70 -57 -84 -58 28 16 14 -11 -97 30 -11 
16:52 ~ $ ./main_1 2 98 -10 92 88 -60 -60 51 -19 51 73 -46 93 -28 -25 -83 31 65 -90 -35 -55 -69 4 -10 -28 -62 -46 -78 83 -74 -95 -96 62 -71 6 90 -17 -61 1 48 
48 1 -61 -17 90 6 -71 62 -96 -95 -74 83 -78 -46 -62 -28 -10 4 -69 -55 -35 -90 65 31 -83 -25 -28 93 -46 73 51 -19 51 -60 -60 88 92 -10 98 
16:52 ~ $ ./main_1 -98 28 99 -34 51 58 7 -10 27 74 -58 69 46 -84 98 -44 73 -61 80 -64 -61 79 -5 -51 55 56 29 78 86 -93 -70 -97 -74 2 27 -36 -49 83 16 -66 24 -77 58 3 -21 -18 68 -80 19 45 -8 -27 -12 -30 22 
22 -30 -12 -27 -8 45 19 -80 68 -18 -21 3 58 -77 24 -66 16 83 -49 -36 27 2 -74 -97 -70 -93 86 78 29 56 55 -51 -5 79 -61 -64 80 -61 73 -44 98 -84 46 69 -58 74 27 -10 7 58 51 -34 99 -98 
16:52 ~ $ ./main_1 -14 -93 -74 -32 65 -65 39 -12 -47 86 76 -58 -53 -88 -83 1 -37 73 75 59 -42 11 28 -58 -32 60 10 34 -24 -18 30 -85 69 42 -19 -19 23 -66 -33 22 10 -32 -27 -14 41 -66 6 -49 -12 28 -83 -70 77 45 62 93 -66 -49 -93 -7 -43 -83 -94 15 56 75 -69 -69 -67 -27 -15 17 -92 51 89 33 77 67 -66 
-66 67 77 33 89 51 -92 17 -15 -27 -67 -69 -69 75 56 15 -94 -83 -43 -7 -93 -49 -66 93 62 45 77 -70 -83 28 -12 -49 6 -66 41 -14 -27 -32 10 22 -33 -66 23 -19 -19 42 69 -85 30 -18 -24 34 10 60 -32 -58 28 11 -42 59 75 73 -37 1 -83 -88 -53 -58 76 86 -47 -12 39 -65 -32 -74 -93 -14 
16:52 ~ $ ./main_1 51 -53 70 2 63 3 42 87 48 86 -87 -7 94 -47 -92 -76 -17 -49 -44 -68 51 -4 -80 64 -54 -19 72 -9 88 99 -26 -53 -67 -37 -82 -23 -42 -62 -56 -24 -86 -65 3 40 -59 -64 4 30 31 -37 
-37 31 30 4 -64 -59 40 3 -65 -86 -24 -56 -62 -42 -23 -82 -37 -67 -53 -26 99 88 -9 72 -19 -54 64 -80 -4 51 -68 -44 -49 -17 -76 -92 -47 94 -7 -87 86 48 87 42 3 63 2 70 -53 
16:52 ~ $ ./main_1 70 -93 54 -68 -25 24 -35 -17 -73 31 87 79 0 -1 -33 82 -24 69 87 52 26 -20 -17 -40 86 -17 45 -6 -5 -77 
-77 -5 -6 45 -17 86 -40 -17 -20 26 52 87 69 -24 82 -33 -1 0 79 87 31 -73 -17 -35 24 -25 -68 54 -93 
16:52 ~ $ ./main_1 -67 26 36 85 47 -8 0 -90 -71 72 70 -66 -75 72 94 -94 -5 -9 -86 19 -19 -35 -3 83 71 34 -26 62 54 -32 95 -31 -65 31 30 -25 51 -55 -92 1 10 91 -13 1 90 47 -64 67 -40 -87 92 59 94 -3 95 72 86 -5 73 -5 55 69 -58 64 -46 -54 -23 -51 43 
43 -51 -23 -54 -46 64 -58 69 55 -5 73 -5 86 72 95 -3 94 59 92 -87 -40 67 -64 47 90 1 -13 91 10 1 -92 -55 51 -25 30 31 -65 -31 95 -32 54 62 -26 34 71 83 -3 -35 -19 19 -86 -9 -5 -94 94 72 -75 -66 70 72 -71 -90 0 -8 47 85 36 -67 
16:52 ~ $ ./main_1 0 99 79 -49 -35 49 -13 16 -66 39 -55 -7 -38 73 22 -87 -35 -45 66 60 -17 -50 9 -30 -43 -56 10 76 -71 80 -70 -67 19 -66 -4 -24 28 -94 -4 -76 83 -21 -6 -92 -40 -47 -43 5 8 -72 -36 -19 32 -17 13 55 -60 31 20 -43 -70 -79 67 6 -11 33 -16 
-16 33 -11 6 67 -79 -70 -43 20 31 -60 55 13 -17 32 -19 -36 -72 8 5 -43 -47 -40 -92 -6 -21 83 -76 -4 -94 28 -24 -4 -66 19 -67 -70 80 -71 76 10 -56 -43 -30 9 -50 -17 60 66 -45 -35 -87 22 73 -38 -7 -55 39 -66 16 -13 49 -35 -49 79 0 
16:52 ~ $ ./main_1 -69 40 6 -87 60 64 -24 -64 64 85 -70 -24 19 60 53 98 93 -20 -96 -4 -22 -76 -75 -12 0 -14 -83 46 69 8 -39 -82 70 76 85 -71 
-71 85 76 70 -82 -39 8 69 46 -83 -14 0 -12 -75 -76 -22 -4 -96 -20 93 98 53 60 19 -24 -70 85 64 -64 -24 64 60 -87 6 -69 
16:52 ~ $ ./main_1 30 10 -8 -23 71 94 -62 -53 -43 -63 -56 63 19 28 -16 -88 -97 -82 15 69 27 81 77 25 77 11 -84 -78 -88 32 -2 18 -16 64 13 38 -72 33 41 82 11 28 77 -76 73 9 69 -28 64 52 56 -4 12 -30 76 52 -65 8 94 87 24 62 17 2 -84 79 -13 69 -24 -70 -42 36 20 -50 1 23 30 51 
51 30 23 1 -50 20 36 -42 -70 -24 69 -13 79 -84 2 17 62 24 87 94 8 -65 52 76 -30 12 -4 56 52 64 -28 69 9 73 -76 77 28 11 82 41 33 -72 38 13 64 -16 18 -2 32 -88 -78 -84 11 77 25 77 81 27 69 15 -82 -97 -88 -16 28 19 63 -56 -63 -43 -53 -62 94 71 -23 -8 10 
16:52 ~ $ ./main_1 -40 -61 22 65 45 -89 -78 -97 89 -28 -5 13 -74 -19 -90 -32 -54 -93 73 51 1 -54 94 13 61 54 -30 -68 -82 7 -35 -64 41 13 -92 74 -70 -42 -82 28 -39 -93 91 -67 50 49 53 -66 -22 99 1 -66 
-66 1 99 -22 -66 53 49 50 -67 91 -93 -39 28 -82 -42 -70 74 -92 13 41 -64 -35 7 -82 -68 -30 54 61 13 94 -54 1 51 73 -93 -54 -32 -90 -19 -74 13 -5 -28 89 -97 -78 -89 45 65 -61 -40 
16:52 ~ $ ./main_1 4 -67 21 -89 35 32 68 -78 40 55 -86 -85 87 -27 34 -41 8 64 85 -99 -1 38 -70 -96 -77 62 37 -76 -71 -10 6 84 16 34 11 -71 -58 17 38 -15 21 -85 -73 55 -11 -10 93 18 41 2 26 79 75 41 66 -60 16 -14 83 77 -6 28 -30 25 41 -30 44 20 8 -90 -78 34 -4 -53 14 71 85 70 78 
78 70 85 71 14 -53 -4 34 -78 -90 8 20 44 -30 41 25 -30 28 -6 77 83 -14 16 -60 66 41 75 79 26 2 41 18 93 -10 -11 55 -73 -85 21 -15 38 17 -58 -71 11 34 16 84 6 -10 -71 -76 37 62 -77 -96 -70 38 -1 -99 85 64 8 -41 34 -27 87 -85 -86 55 40 -78 68 32 35 -89 21 -67 
16:52 ~ $ ./main_1 -45 71 0 17 -32 -98 -5 -65 -31 -25 -12 79 96 21 -11 -86 91 21 -18 30 -85 -99 -53 4 -45 -41 43 88 -7 92 -78 80 95 -24 1 -71 23 -41 46 9 -1 86 65 27 27 55 60 38 -9 84 75 81 -43 9 -54 -65 -22 -44 -7 11 6 
6 11 -7 -44 -22 -65 -54 9 -43 81 75 84 -9 38 60 55 27 27 65 86 -1 9 46 -41 23 -71 1 -24 95 80 -78 92 -7 88 43 -41 -45 4 -53 -99 -85 30 -18 21 91 -86 -11 21 96 79 -12 -25 -31 -65 -5 -98 -32 17 0 -45 
16:52 ~ $ ./main_1 5 76 -35 -91 -8 -17 41 93 -9 14 71 -54 -11 46 -69 -83 83 -16 -93 67 -84 64 -4 54 26 -3 -5 31 -13 -69 -83 7 53 -72 48 87 87 -79 29 -44 -12 37 -89 66 -33 3 76 -80 -64 93 -72 45 93 57 -42 97 78 -24 40 49 -94 -68 -85 -83 64 -19 -4 -5 51 6 19 85 -27 69 77 39 -22 0 -99 -70 -92 -15 86 87 -7 -34 -21 -20 8 77 -11 -22 -78 69 -7 -52 -15 -21 
-21 -15 -52 -7 69 -78 -22 -11 77 8 -20 -21 -34 -7 87 86 -15 -92 -70 -99 0 -22 39 77 69 -27 85 19 6 51 -5 -4 -19 64 -83 -85 -68 -94 49 40 -24 78 97 -42 57 93 45 -72 93 -64 -80 76 3 -33 66 -89 37 -12 -44 29 -79 87 87 48 -72 53 7 -83 -69 -13 31 -5 -3 26 54 -4 64 -84 67 -93 -16 83 -83 -69 46 -11 -54 71 14 -9 93 41 -17 -8 -91 -35 76 
16:52 ~ $ ./main_1 28 88 -15 -1 11 10 -93 -2 18 36 66 5 69 -17 -75 31 72 -94 -53 -58 -87 -23 -96 35 18 -75 55 96 -30 63 -80 35 86 66 -8 -25 -8 -8 -47 -66 74 29 
29 74 -66 -47 -8 -8 -25 -8 66 86 35 -80 63 -30 96 55 -75 18 35 -96 -23 -87 -58 -53 -94 72 31 -75 -17 69 5 66 36 18 -2 -93 10 11 -1 -15 88 
16:52 ~ $ ./main_1 -34 44 58 72 -32 -44 -67 -82 -16 -30 12 15 -62 85 74 84 -32 75 -20 24 30 -75 -64 -17 -56 23 -20 -89 27 64 -8 -38 84 86 93 -58 -43 -11 64 -48 99 67 30 -50 -83 38 -96 8 -36 -96 -77 -8 80 -14 -79 -15 -48 -25 56 99 65 51 73 -29 -24 -95 -96 74 22 -32 -54 65 
65 -54 -32 22 74 -96 -95 -24 -29 73 51 65 99 56 -25 -48 -15 -79 -14 80 -8 -77 -96 -36 8 -96 38 -83 -50 30 67 99 -48 64 -11 -43 -58 93 86 84 -38 -8 64 27 -89 -20 23 -56 -17 -64 -75 30 24 -20 75 -32 84 74 85 -62 15 12 -30 -16 -82 -67 -44 -32 72 58 -34 
16:52 ~ $ ./main_1 -54 37 46 -56 71 87 10 12 -75 -5 -59 11 -47 76 -24 -14 -87 -82 23 65 16 37 -7 -67 47 -69 -24 89 23 40 80 9 -56 84 17 32 -77 66 88 57 -90 46 -97 -15 53 -92 5 -61 -99 -96 82 88 74 98 -42 29 -84 -2 -3 96 -90 53 -95 -97 -61 -71 85 -23 -60 79 84 93 -56 73 -74 70 42 69 -99 47 91 -2 
-2 91 47 -99 69 42 70 -74 73 -56 93 84 79 -60 -23 85 -71 -61 -97 -95 53 -90 96 -3 -2 -84 29 -42 98 74 88 82 -96 -99 -61 5 -92 53 -15 -97 46 -90 57 88 66 -77 32 17 84 -56 9 80 40 23 89 -24 -69 47 -67 -7 37 16 65 23 -82 -87 -14 -24 76 -47 11 -59 -5 -75 12 10 87 71 -56 46 -54 
16:52 ~ $ ./main_1 -18 26 24 86 -67 62 -78 -54 -46 23 19 -61 15 -6 22 52 -98 -59 -8 -57 -41 29 -89 99 -90 52 -13 -36 66 -69 0 -3 5 30 69 69 1 7 
7 1 69 69 30 5 -3 0 -69 66 -36 -13 52 -90 99 -89 29 -41 -57 -8 -59 -98 52 22 -6 15 -61 19 23 -46 -54 -78 62 -67 86 24 -18 
16:52 ~ $ ./main_1 87 -52 -31 -21 -92 -41 30 -76 -87 -84 -56 -53 -90 -27 -36 66 -22 24 -79 -67 -92 6 69 -83 29 28 -17 23 
23 -17 28 29 -83 69 6 -92 -67 -79 24 -22 66 -36 -27 -90 -53 -56 -84 -87 -76 30 -41 -92 -21 -31 -52 
16:52 ~ $ ./main_1 83 -99 55 70 49 27 -20 -95 37 -93 9 -58 -16 -76 -41 31 -97 -90 45 48 74 29 -33 44 -47 82 -91 66 99 13 -48 85 52 4 -63 70 8 17 36 85 7 33 87 -92 56 17 -19 89 52 27 93 -82 48 -8 -90 68 -32 41 83 5 -37 59 -48 -9 94 -91 8 -78 -32 96 49 -79 -41 95 13 -77 -89 -83 
-83 -89 -77 13 95 -41 -79 49 96 -32 -78 8 -91 94 -9 -48 59 -37 5 83 41 -32 68 -90 -8 48 -82 93 27 52 89 -19 17 56 -92 87 33 7 85 36 17 8 70 -63 4 52 85 -48 13 99 66 -91 82 -47 44 -33 29 74 48 45 -90 -97 31 -41 -76 -16 -58 9 -93 37 -95 -20 27 49 70 55 -99 
16:52 ~ $ ./main_1 -66 -86 54 -65 88 32 82 15 71 77 14 49 -99 70 20 -22 -61 -7 78 -72 -55 -72 14 -72 22 -24 74 -84 54 80 -17 -29 41 17 -57 36 -19 41 36 -6 23 47 30 40 69 -5 -28 -84 16 -7 -72 22 83 -15 47 -22 -96 95 -9 8 -16 49 -5 20 -28 -16 -17 70 -93 -1 3 14 -91 -15 10 42 -8 -43 83 -24 70 -14 -76 45 99 11 -51 91 
91 -51 11 99 45 -76 -14 70 -24 83 -43 -8 42 10 -15 -91 14 3 -1 -93 70 -17 -16 -28 20 -5 49 -16 8 -9 95 -96 -22 47 -15 83 22 -72 -7 16 -84 -28 -5 69 40 30 47 23 -6 36 41 -19 36 -57 17 41 -29 -17 80 54 -84 74 -24 22 -72 14 -72 -55 -72 78 -7 -61 -22 20 70 -99 49 14 77 71 15 82 32 88 -65 -86 -66 
16:52 ~ $ ./main_1 -78 96 -81 -35 45 69 1 -31 -48 93 -76 -43 45 36 18 14 75 37 -33 -54 -84 -69 -4 -60 -86 49 61 36 97 -81 -28 83 -79 51 29 
29 51 -79 83 -28 -81 97 36 61 49 -86 -60 -4 -69 -84 -54 -33 37 75 14 18 36 45 -43 -76 93 -48 -31 1 69 45 -35 -81 -78 
16:52 ~ $ ./main_1 -64 85 -32 -96 -58 -15 60 -76 54 -6 95 3 -18 -3 -53 92 93 62 89 96 -30 49 12 -31 49 -84 -99 -2 -14 99 71 29 -2 -13 61 -40 -45 -39 
-39 -45 -40 61 -13 -2 29 71 99 -14 -2 -99 -84 49 -31 12 49 -30 96 89 62 93 92 -53 -3 -18 3 95 -6 54 -76 60 -15 -58 -96 -32 -64 
16:52 ~ $ ./main_1 4 -55 -17 -98 -90 -94 -39 94 -7 92 -95 64 -99 33 -98 -16 -7 4 -48 -77 2 20 -29 -83 -30 -11 -50 5 63 -29 -38 -61 -95 40 1 -40 53 74 -1 21 52 -70 1 -41 30 -59 54 6 82 79 -9 84 84 -98 -92 -63 -99 -62 -20 76 97 -69 58 -35 18 -10 -1 17 -17 -49 -93 -17 84 -71 -83 -96 10 -26 86 65 -48 
-48 65 86 -26 10 -96 -83 -71 84 -17 -93 -49 -17 17 -1 -10 18 -35 58 -69 97 76 -20 -62 -99 -63 -92 -98 84 84 -9 79 82 6 54 -59 30 -41 1 -70 52 21 -1 74 53 -40 1 40 -95 -61 -38 -29 63 5 -50 -11 -30 -83 -29 20 2 -77 -48 4 -7 -16 -98 33 -99 64 -95 92 -7 94 -39 -94 -90 -98 -17 -55 
16:52 ~ $ ./main_1 9 -15 8 -26 0 27 49 -8 -7 50 96 -44 18 52 -35 56 14 86 2 27 31 -36 -76 -4 -10 13 -32 -26 57 81 -62 -84 42 33 23 -52 63 -28 75 -12 64 -97 94 -58 -40 47 93 -64 96 34 
34 96 -64 93 47 -40 -58 94 -97 64 -12 75 -28 63 -52 23 33 42 -84 -62 81 57 -26 -32 13 -10 -4 -76 -36 31 27 2 86 14 56 -35 52 18 -44 96 50 -7 -8 49 27 0 -26 8 -15 
16:52 ~ $ ./main_1 -59 -72 29 93 71 39 -72 -30 23 -61 95 82 -80 84 5 -98 -34 9 54 -90 -34 94 -71 47 -60 -84 47 -98 80 -46 26 83 -55 -19 -87 52 2 56 12 -68 -98 17 69 44 -62 -18 98 -90 -69 -88 -56 44 -12 -79 84 43 -21 67 61 -31 -44 -99 -25 -31 -29 72 -27 48 55 56 -4 93 62 -73 -89 38 -6 47 -39 -58 -58 -4 -90 17 
17 -90 -4 -58 -58 -39 47 -6 38 -89 -73 62 93 -4 56 55 48 -27 72 -29 -31 -25 -99 -44 -31 61 67 -21 43 84 -79 -12 44 -56 -88 -69 -90 98 -18 -62 44 69 17 -98 -68 12 56 2 52 -87 -19 -55 83 26 -46 80 -98 47 -84 -60 47 -71 94 -34 -90 54 9 -34 -98 5 84 -80 82 95 -61 23 -30 -72 39 71 93 -72 -59 
16:52 ~ $ ./main_1 -23 0 2 -14 -95 18 19 -57 -70 -76 -92 21 -91 -32 96 94 16 -2 69 -70 32 -90 44 -80 98 -29 -2 -94 -97 -68 41 89 -49 -27 -74 -31 -56 -66 89 -79 58 53 -40 -34 79 
79 -34 -40 53 58 -79 89 -66 -56 -31 -74 -27 -49 89 41 -68 -97 -94 -2 -29 98 -80 44 -90 32 -70 69 -2 16 94 96 -32 -91 21 -92 -76 -70 -57 19 18 -95 -14 0 -23 
16:52 ~ $ ./main_1 72 -68 5 37 47 -58 68 28 93 43 45 6 -55 96 61 -28 -13 -21 -96 92 -74 -83 -59 -95 -86 31 -59 -72 -7 16 53 -39 11 15 -62 -6 56 -36 -30 -83 -80 89 -16 -35 39 3 -51 -90 41 -81 -19 -47 85 73 -86 -24 96 -4 29 -73 -86 49 -100 -32 -55 
-55 -32 -100 49 -86 -73 29 -4 96 -24 -86 73 85 -47 -19 -81 41 -90 -51 3 39 -35 -16 89 -80 -83 -30 -36 56 -6 -62 15 11 -39 53 16 -7 -72 -59 31 -86 -95 -59 -83 -74 92 -96 -21 -13 -28 61 96 -55 6 45 43 93 28 68 -58 47 37 5 -68 
16:52 ~ $ ./main_1 54 -37 -85 -91 39 17 -52 26 -95 8 11 -46 -56 25 -76 -68 60 -21 33 -30 -71 -2 -33 -95 37 70 39 -39 77 45 -12 -82 41 -13 54 44 54 -20 -66 63 -44 -57 94 -36 74 43 86 20 75 69 -63 -14 53 
53 -14 -63 69 75 20 86 43 74 -36 94 -57 -44 63 -66 -20 54 44 54 -13 41 -82 -12 45 77 -39 39 70 37 -95 -33 -2 -71 -30 33 -21 60 -68 -76 25 -56 -46 11 8 -95 26 -52 17 39 -91 -85 -37 
16:52 ~ $ ./main_1 -93 -97 -81 40 -58 41 -96 97 -14 -8 -75 -9 -90 -17 -13 17 -56 80 -78 -49 6 -56 14 -51 2 
2 -51 14 -56 6 -49 -78 80 -56 17 -13 -17 -90 -9 -75 -8 -14 97 -96 41 -58 -81 -97 -93 
16:52 ~ $ ./main_1 -23 9 99 -12 23 14 -82 98 90 -18 23 -82 -7 17 66 -53 -27 -36 -69 40 88 -82 72 -66 20 96 -50 67 44 -32 85 14 -28 77 55 34 -26 -94 -85 -77 -91 49 -34 -100 5 32 -82 -14 95 -57 -87 38 62 11 -64 -60 -80 17 91 -23 13 8 -26 83 -73 41 23 33 93 52 -11 35 37 58 -66 42 9 58 -89 -70 -51 75 -18 15 -47 40 -82 10 -64 47 -38 -61 57 34 8 -19 -28 14 
14 -28 -19 8 34 57 -61 -38 47 -64 10 -82 40 -47 15 -18 75 -51 -70 -89 58 9 42 -66 58 37 35 -11 52 93 33 23 41 -73 83 -26 8 13 -23 91 17 -80 -60 -64 11 62 38 -87 -57 95 -14 -82 32 5 -100 -34 49 -91 -77 -85 -94 -26 34 55 77 -28 14 85 -32 44 67 -50 96 20 -66 72 -82 88 40 -69 -36 -27 -53 66 17 -7 -82 23 -18 90 98 -82 14 23 -12 99 -23 
16:52 ~ $ ./main_1 -51 72 3 27 37 -36 32 -91 59 19 -2 64 55 -34 20 -82 10 65 -22 84 -36 -60 19 61 43 -32 
-32 43 61 19 -60 -36 84 -22 65 10 -82 20 -34 55 64 -2 19 59 -91 32 -36 37 27 3 -51 
16:52 ~ $ ./main_1 62 45 57 -68 -60 33 -16 67 63 95 89 87 14 23 42 62 -20 22 -19 64 -13 -87 -21 -11 0 -96 -61 -20 89 27 98 43 -3 15 50 -61 -12 87 62 86 -83 -92 -1 41 -4 -60 -99 -61 -75 -77 6 -54 -6 89 -27 28 -87 -22 -88 -56 -49 -6 60 -4 -88 -17 56 -74 -84 88 -79 -97 68 -86 -14 47 92 3 -29 -51 -48 -70 -77 72 95 79 59 36 8 -56 55 77 44 
44 77 55 -56 8 36 59 79 95 72 -77 -70 -48 -51 -29 3 92 47 -14 -86 68 -97 -79 88 -84 -74 56 -17 -88 -4 60 -6 -49 -56 -88 -22 -87 28 -27 89 -6 -54 6 -77 -75 -61 -99 -60 -4 41 -1 -92 -83 86 62 87 -12 -61 50 15 -3 43 98 27 89 -20 -61 -96 0 -11 -21 -87 -13 64 -19 22 -20 62 42 23 14 87 89 95 63 67 -16 33 -60 -68 57 45 
16:52 ~ $ ./main_1 14 29 -31 -7 -18 -19 22 28 -67 -72 -54 59 -65 -53 -42 -42 76 52 -51 -46 70 -54 45 82 -8 -15 94 90 37 19 -42 -34 22 79 -60 -81 -9 -91 27 49 6 -58 -75 -72 -67 -5 29 -32 -3 21 30 65 
65 30 21 -3 -32 29 -5 -67 -72 -75 -58 6 49 27 -91 -9 -81 -60 79 22 -34 -42 19 37 90 94 -15 -8 82 45 -54 70 -46 -51 52 76 -42 -42 -53 -65 59 -54 -72 -67 28 22 -19 -18 -7 -31 29 
16:52 ~ $ ./main_1 -20 44 55 79 64 27 -30 67 -36 -10 -98 16 -85 79 87 -32 50 -81 -75 -57 -67 42 9 -71 83 -75 -87 85 -47 95 72 34 -68 -56 -46 17 32 64 -52 99 -35 -90 93 -73 -67 -97 -65 -12 3 85 73 
73 85 3 -12 -65 -97 -67 -73 93 -90 -35 99 -52 64 32 17 -46 -56 -68 34 72 95 -47 85 -87 -75 83 -71 9 42 -67 -57 -75 -81 50 -32 87 79 -85 16 -98 -10 -36 67 -30 27 64 79 55 -20 
16:52 ~ $ ./main_1 35 36 29 4 -44 -55 -1 -92 0 82 -84 17 73 -60 -9 -68 87 12 -10 95 6 -62 76 -23 51 -26 -1 31 91 36 -53 39 99 50 12 98 -32 -18 -74 3 29 52 -45 -38 13 71 76 -10 -81 -91 45 95 84 77 1 -64 91 78 94 23 19 -35 -66 -17 -24 -64 -24 -64 -77 86 -23 -100 46 -24 8 93 33 -1 -80 8 33 -25 -96 -66 13 -53 -57 11 -57 -69 -3 -80 89 12 
12 89 -80 -3 -69 -57 11 -57 -53 13 -66 -96 -25 33 8 -80 -1 33 93 8 -24 46 -100 -23 86 -77 -64 -24 -64 -24 -17 -66 -35 19 23 94 78 91 -64 1 77 84 95 45 -91 -81 -10 76 71 13 -38 -45 52 29 3 -74 -18 -32 98 12 50 99 39 -53 36 91 31 -1 -26 51 -23 76 -62 6 95 -10 12 87 -68 -9 -60 73 17 -84 82 0 -92 -1 -55 -44 4 29 36 
16:52 ~ $ ./main_1 14 28 20 45 34 12 -85 -9 27 15 -83 9 32 -52 -28 15 66 -49 -7 -24 33 -42 70 26 -34 65 40 -4 -64 81 -55 14 94 44 58 19 -88 72 97 64 -69 -85 -73 -46 -91 47 97 1 43 -26 7 -64 
-64 7 -26 43 1 97 47 -91 -46 -73 -85 -69 64 97 72 -88 19 58 44 94 14 -55 81 -64 -4 40 65 -34 26 70 -42 33 -24 -7 -49 66 15 -28 -52 32 9 -83 15 27 -9 -85 12 34 45 20 28 
16:52 ~ $ ./main_1 88 1 -73 -4 62 -50 85 16 -45 91 47 -95 11 75 -31 62 79 87 -59 -67 14 -50 24 94 3 -70 54 -80 -20 39 67 -18 78 89 42 50 -60 -53 -76 -19 73 15 -42 -6 54 52 83 37 7 27 -63 91 59 99 48 -27 61 22 88 -95 -47 -74 90 -93 66 52 -69 21 -8 -2 84 -77 52 -6 61 98 0 71 -55 -48 2 -79 -13 -67 -67 21 -87 56 
56 -87 21 -67 -67 -13 -79 2 -48 -55 71 0 98 61 -6 52 -77 84 -2 -8 21 -69 52 66 -93 90 -74 -47 -95 88 22 61 -27 48 99 59 91 -63 27 7 37 83 52 54 -6 -42 15 73 -19 -76 -53 -60 50 42 89 78 -18 67 39 -20 -80 54 -70 3 94 24 -50 14 -67 -59 87 79 62 -31 75 11 -95 47 91 -45 16 85 -50 62 -4 -73 1 
16:52 ~ $ ./main_1 61 13 -21 19 -65 92 32 65 -77 72 41 -87 -97 -14 62 -71 87 -34 16 80 -58 68 86 -37 47 -23 -22 28 34 85 3 28 -47 -57 -31 73 -12 -25 2 -6 -94 -16 14 80 -73 73 29 34 -25 -50 -94 -4 -4 -50 99 -67 7 -72 -53 45 -47 -37 15 23 97 -47 93 23 36 70 5 -69 11 59 16 71 
71 16 59 11 -69 5 70 36 23 93 -47 97 23 15 -37 -47 45 -53 -72 7 -67 99 -50 -4 -4 -94 -50 -25 34 29 73 -73 80 14 -16 -94 -6 2 -25 -12 73 -31 -57 -47 28 3 85 34 28 -22 -23 47 -37 86 68 -58 80 16 -34 87 -71 62 -14 -97 -87 41 72 -77 65 32 92 -65 19 -21 13 
16:52 ~ $ ./main_1 -71 2 64 -36 93 89 -90 -12 79 -83 23 99 24 -53 15 97 54 -24 69 -45 -65 -17 -77 -94 43 0 32 38 -22 -99 -75 -61 25 76 75 -75 -11 84 94 90 5 83 -96 -69 -30 -63 95 -62 85 99 10 -52 -26 30 -60 -10 63 43 53 -10 -3 -43 -97 61 60 79 -75 99 35 13 2 -58 -66 -23 
-23 -66 -58 2 13 35 99 -75 79 60 61 -97 -43 -3 -10 53 43 63 -10 -60 30 -26 -52 10 99 85 -62 95 -63 -30 -69 -96 83 5 90 94 84 -11 -75 75 76 25 -61 -75 -99 -22 38 32 0 43 -94 -77 -17 -65 -45 69 -24 54 97 15 -53 24 99 23 -83 79 -12 -90 89 93 -36 64 -71 
16:52 ~ $ ./main_1 -86 -5 8 72 -36 81 17 -12 -21 53 72 -49 -59 -81 27 -61 35 -41 48 6 -81 31 88 51 -43 38 20 -16 -40 -12 46 -88 50 -18 -53 -3 27 42 -92 -75 18 -93 -23 -81 81 60 -24 67 26 -71 -3 -77 -43 -83 68 -81 68 60 -87 -13 61 -7 -91 -22 -6 27 1 71 -80 67 -62 90 35 6 69 42 93 
93 42 69 6 35 90 -62 67 -80 71 1 27 -6 -22 -91 -7 61 -13 -87 60 68 -81 68 -83 -43 -77 -3 -71 26 67 -24 60 81 -81 -23 -93 18 -75 -92 42 27 -3 -53 -18 50 -88 46 -12 -40 -16 20 38 -43 51 88 31 -81 6 48 -41 35 -61 27 -81 -59 -49 72 53 -21 -12 17 81 -36 72 -5 -86 
16:52 ~ $ ./main_1 10 -8 -9 70 72 -86 -42 94 88 -38 21 -24 -17 -25 -28 92 -49 -10 -17 6 16 -93 37 -83 3 
3 -83 37 -93 16 6 -17 -10 -49 92 -28 -25 -17 -24 21 -38 88 94 -42 -86 72 70 -9 -8 
16:52 ~ $ ./main_1 28 -35 72 61 -98 89 -90 -93 -4 25 90 22 -61 1 -51 -20 -42 32 44 -31 70 -33 -79 -36 15 -95 -94 63 44 -53 -7 3 58 -65 -87 73 81 -7 51 -18 13 -86 63 73 33 79 -21 -95 8 -5 39 -27 -8 8 24 13 68 -62 -87 97 -7 -20 -46 39 -32 51 7 59 -52 -100 28 -6 -73 -78 -75 81 -79 -39 16 -52 51 97 -70 -68 92 -54 -43 54 72 -1 
-1 72 54 -43 -54 92 -68 -70 97 51 -52 16 -39 -79 81 -75 -78 -73 -6 28 -100 -52 59 7 51 -32 39 -46 -20 -7 97 -87 -62 68 13 24 8 -8 -27 39 -5 8 -95 -21 79 33 73 63 -86 13 -18 51 -7 81 73 -87 -65 58 3 -7 -53 44 63 -94 -95 15 -36 -79 -33 70 -31 44 32 -42 -20 -51 1 -61 22 90 25 -4 -93 -90 89 -98 61 72 -35 
16:52 ~ $ ./main_1 -75 83 -21 -28 -88 21 1 71 26 -24 -62 72 82 -24 -13 69 -96 -2 -28 83 -46 50 43 38 -46 24 7 78 -56 -67 9 -50 5 25 -16 -55 6 -98 -50 -20 -50 8 -25 40 -90 80 6 -89 84 76 17 50 -61 -6 -54 -80 -75 -58 -34 91 38 -28 -16 -55 14 -44 76 -54 -10 63 0 16 -63 97 -29 -79 64 76 -6 -65 -43 -25 98 74 99 84 69 54 12 93 17 58 -67 -80 18 28 33 -14 
-14 33 28 18 -80 -67 58 17 93 12 54 69 84 99 74 98 -25 -43 -65 -6 76 64 -79 -29 97 -63 16 0 63 -10 -54 76 -44 14 -55 -16 -28 38 91 -34 -58 -75 -80 -54 -6 -61 50 17 76 84 -89 6 80 -90 40 -25 8 -50 -20 -50 -98 6 -55 -16 25 5 -50 9 -67 -56 78 7 24 -46 38 43 50 -46 83 -28 -2 -96 69 -13 -24 82 72 -62 -24 26 71 1 21 -88 -28 -21 -75 
16:52 ~ $ ./main_1 4 32 -34 87 -29 -97 96 84 -74 0 61 64 -37 -74 81 -56 -15 67 -4 -83 79 -74 11 14 -40 -49 98 -10 -15 -3 -79 -37 64 -4 -88 14 -40 -3 10 97 4 -2 37 43 14 80 -66 45 -61 -24 37 -63 49 68 -58 -81 75 -30 0 -85 -31 -88 39 29 -70 -76 99 
99 -76 -70 29 39 -88 -31 -85 0 -30 75 -81 -58 68 49 -63 37 -24 -61 45 -66 80 14 43 37 -2 4 97 10 -3 -40 14 -88 -4 64 -37 -79 -3 -15 -10 98 -49 -40 14 11 -74 79 -83 -4 67 -15 -56 81 -74 -37 64 61 0 -74 84 96 -97 -29 87 -34 32 
16:52 ~ $ ./main_1 36 23 96 51 -31 62 -46 -19 -78 -43 60 99 24 71 1 -89 -26 48 -54 -64 -44 -2 41 80 -86 -11 53 29 -26 40 -79 -96 43 -78 28 -94 89 92 8 50 
50 8 92 89 -94 28 -78 43 -96 -79 40 -26 29 53 -11 -86 80 41 -2 -44 -64 -54 48 -26 -89 1 71 24 99 60 -43 -78 -19 -46 62 -31 51 96 23 
16:52 ~ $ 
